5.000000000000000000e+00 2.819617029999999858e+00
6.000000000000000000e+00 2.881213900000000105e+00
7.000000000000000000e+00 2.931639189999999839e+00
8.000000000000000000e+00 2.968969350000000063e+00
9.000000000000000000e+00 2.994337799999999827e+00
1.000000000000000000e+01 3.010165209999999814e+00
1.100000000000000000e+01 3.018666270000000207e+00
1.200000000000000000e+01 3.021469349999999832e+00
1.300000000000000000e+01 3.019985440000000132e+00
1.400000000000000000e+01 3.015364889999999853e+00
1.500000000000000000e+01 3.008574009999999799e+00
1.600000000000000000e+01 3.000482799999999894e+00
1.700000000000000000e+01 2.992088789999999943e+00
1.800000000000000000e+01 2.983763689999999968e+00
1.900000000000000000e+01 2.976478100000000016e+00
2.000000000000000000e+01 2.970739360000000051e+00
2.100000000000000000e+01 2.967372660000000106e+00
2.200000000000000000e+01 2.967008589999999835e+00
2.300000000000000000e+01 2.969745640000000186e+00
2.400000000000000000e+01 2.976481680000000019e+00
2.500000000000000000e+01 2.986904860000000106e+00
2.600000000000000000e+01 3.001329899999999995e+00
2.700000000000000000e+01 3.019773480000000010e+00
2.800000000000000000e+01 3.041770459999999954e+00
2.900000000000000000e+01 3.067089800000000199e+00
3.000000000000000000e+01 3.095214130000000008e+00
3.100000000000000000e+01 3.125331640000000188e+00
3.200000000000000000e+01 3.157080650000000155e+00
3.300000000000000000e+01 3.189773080000000149e+00
3.400000000000000000e+01 3.223151450000000029e+00
3.500000000000000000e+01 3.256471159999999809e+00
3.600000000000000000e+01 3.289529560000000075e+00
3.700000000000000000e+01 3.321806430000000088e+00
3.800000000000000000e+01 3.353341819999999807e+00
3.900000000000000000e+01 3.383515120000000209e+00
4.000000000000000000e+01 3.412502770000000130e+00
4.100000000000000000e+01 3.440258979999999855e+00
4.200000000000000000e+01 3.466542009999999951e+00
4.300000000000000000e+01 3.491613860000000180e+00
4.400000000000000000e+01 3.515222309999999961e+00
4.500000000000000000e+01 3.537373539999999927e+00
4.600000000000000000e+01 3.558479070000000188e+00
4.700000000000000000e+01 3.578259940000000139e+00
4.800000000000000000e+01 3.596919059999999835e+00
4.900000000000000000e+01 3.614697459999999918e+00
5.000000000000000000e+01 3.631088259999999845e+00
