5.000000000000000000e+00 3.050875190000000181e+00
6.000000000000000000e+00 3.094695329999999966e+00
7.000000000000000000e+00 3.128513569999999966e+00
8.000000000000000000e+00 3.155704740000000008e+00
9.000000000000000000e+00 3.178838489999999961e+00
1.000000000000000000e+01 3.199686049999999948e+00
1.100000000000000000e+01 3.219419719999999874e+00
1.200000000000000000e+01 3.238818409999999925e+00
1.300000000000000000e+01 3.258394959999999951e+00
1.400000000000000000e+01 3.278489829999999827e+00
1.500000000000000000e+01 3.299324270000000059e+00
1.600000000000000000e+01 3.321030139999999964e+00
1.700000000000000000e+01 3.343672039999999956e+00
1.800000000000000000e+01 3.367254729999999974e+00
1.900000000000000000e+01 3.391736980000000123e+00
2.000000000000000000e+01 3.417031999999999847e+00
2.100000000000000000e+01 3.443015579999999964e+00
2.200000000000000000e+01 3.469525579999999998e+00
2.300000000000000000e+01 3.496378420000000098e+00
2.400000000000000000e+01 3.523363590000000212e+00
2.500000000000000000e+01 3.550264359999999897e+00
2.600000000000000000e+01 3.576861619999999853e+00
2.700000000000000000e+01 3.602951290000000029e+00
2.800000000000000000e+01 3.628341670000000185e+00
2.900000000000000000e+01 3.652875190000000050e+00
3.000000000000000000e+01 3.676420450000000173e+00
3.100000000000000000e+01 3.698883770000000126e+00
3.200000000000000000e+01 3.720204589999999811e+00
3.300000000000000000e+01 3.740353820000000162e+00
3.400000000000000000e+01 3.759327410000000036e+00
3.500000000000000000e+01 3.777146580000000142e+00
3.600000000000000000e+01 3.793845650000000180e+00
3.700000000000000000e+01 3.809476140000000122e+00
3.800000000000000000e+01 3.824093340000000119e+00
3.900000000000000000e+01 3.837758539999999829e+00
4.000000000000000000e+01 3.850536819999999860e+00
4.100000000000000000e+01 3.862489459999999930e+00
4.200000000000000000e+01 3.873683450000000139e+00
4.300000000000000000e+01 3.884172200000000075e+00
4.400000000000000000e+01 3.894017929999999961e+00
4.500000000000000000e+01 3.903266910000000145e+00
4.600000000000000000e+01 3.911973240000000018e+00
4.700000000000000000e+01 3.920177699999999987e+00
4.800000000000000000e+01 3.927922249999999948e+00
4.900000000000000000e+01 3.935248140000000117e+00
5.000000000000000000e+01 3.942183729999999997e+00
